16
protopterus       0.0000000 0.5163747 0.4587435 0.5052063 0.4867001 0.5266782 0.4661074 0.5404731 0.3585504 0.4371797 0.5007033 0.4411266 0.3675885 0.4047390 0.3808760 0.5053336 
Anolis            0.5163747 0.0000000 0.3164910 0.4264932 0.4303372 0.4314001 0.3227032 0.5933958 0.3030448 0.3063826 0.3044205 0.3123638 0.2533780 0.1895699 0.2594590 0.1494260 
Gallus            0.4587435 0.3164910 0.0000000 0.3568878 0.3675122 0.3553231 0.1170419 0.5591621 0.1711540 0.2198104 0.2124358 0.2071069 0.1882399 0.3135407 0.1813579 0.2726457 
Homo              0.5052063 0.4264932 0.3568878 0.0000000 0.2312096 0.2809970 0.3513518 0.5862980 0.2643096 0.3318171 0.3285863 0.3808099 0.3019574 0.3696513 0.2553250 0.4153006 
Monodelphis       0.4867001 0.4303372 0.3675122 0.2312096 0.0000000 0.2940881 0.3716317 0.5969754 0.2751083 0.3305687 0.3503054 0.3635437 0.2996592 0.3908631 0.2493857 0.4059976 
Ornithorhynchus   0.5266782 0.4314001 0.3553231 0.2809970 0.2940881 0.0000000 0.3565264 0.6302095 0.3039454 0.3459557 0.3543574 0.3922801 0.2959651 0.3473724 0.3077545 0.3872849 
Taeniopygia       0.4661074 0.3227032 0.1170419 0.3513518 0.3716317 0.3565264 0.0000000 0.5679280 0.2016952 0.2493433 0.2410905 0.2176093 0.1989485 0.3151196 0.2075425 0.2830159 
Xenopus           0.5404731 0.5933958 0.5591621 0.5862980 0.5969754 0.6302095 0.5679280 0.0000000 0.5088254 0.5865047 0.5859475 0.5814812 0.4880319 0.5743895 0.4759999 0.4931296 
alligator         0.3585504 0.3030448 0.1711540 0.2643096 0.2751083 0.3039454 0.2016952 0.5088254 0.0000000 0.1322841 0.1412641 0.0130329 0.1251582 0.2704364 0.1296273 0.2136931 
emys_orbicularis  0.4371797 0.3063826 0.2198104 0.3318171 0.3305687 0.3459557 0.2493433 0.5865047 0.1322841 0.0000000 0.0537207 0.1622413 0.0211577 0.2181637 0.0194262 0.1961006 
phrynops          0.5007033 0.3044205 0.2124358 0.3285863 0.3503054 0.3543574 0.2410905 0.5859475 0.1412641 0.0537207 0.0000000 0.1529843 0.0478714 0.2455361 0.0516434 0.2095711 
caiman            0.4411266 0.3123638 0.2071069 0.3808099 0.3635437 0.3922801 0.2176093 0.5814812 0.0130329 0.1622413 0.1529843 0.0000000 0.1472459 0.2857078 0.1361944 0.2630471 
caretta           0.3675885 0.2533780 0.1882399 0.3019574 0.2996592 0.2959651 0.1989485 0.4880319 0.1251582 0.0211577 0.0478714 0.1472459 0.0000000 0.2376893 0.0242258 0.2006954 
python            0.4047390 0.1895699 0.3135407 0.3696513 0.3908631 0.3473724 0.3151196 0.5743895 0.2704364 0.2181637 0.2455361 0.2857078 0.2376893 0.0000000 0.2379060 0.1551404 
chelonoidis_nigra 0.3808760 0.2594590 0.1813579 0.2553250 0.2493857 0.3077545 0.2075425 0.4759999 0.1296273 0.0194262 0.0516434 0.1361944 0.0242258 0.2379060 0.0000000 0.2085215 
podarcis          0.5053336 0.1494260 0.2726457 0.4153006 0.4059976 0.3872849 0.2830159 0.4931296 0.2136931 0.1961006 0.2095711 0.2630471 0.2006954 0.1551404 0.2085215 0.0000000 
