16
protopterus       0.0000000 0.4040983 0.3585252 0.3950457 0.3841051 0.4039773 0.3595659 0.4235244 0.2818521 0.3448578 0.3918911 0.3480636 0.2930534 0.3242372 0.2993637 0.3906995 
Anolis            0.4040983 0.0000000 0.2472914 0.3305236 0.3354796 0.3292016 0.2505333 0.4551688 0.2376154 0.2416977 0.2405522 0.2444379 0.2015689 0.1550169 0.2065402 0.1196160 
Gallus            0.3585252 0.2472914 0.0000000 0.2772639 0.2863774 0.2720413 0.0946915 0.4265490 0.1379776 0.1747515 0.1688976 0.1636752 0.1511936 0.2509988 0.1466729 0.2120646 
Homo              0.3950457 0.3305236 0.2772639 0.0000000 0.1851496 0.2191878 0.2715800 0.4499179 0.2105776 0.2612670 0.2588623 0.2938044 0.2395470 0.2964203 0.2056777 0.3170415 
Monodelphis       0.3841051 0.3354796 0.2863774 0.1851496 0.0000000 0.2298331 0.2879383 0.4595249 0.2198863 0.2597058 0.2761503 0.2821143 0.2381728 0.3138397 0.2001054 0.3135342 
Ornithorhynchus   0.4039773 0.3292016 0.2720413 0.2191878 0.2298331 0.0000000 0.2715236 0.4727489 0.2365843 0.2672639 0.2727607 0.2974490 0.2315647 0.2736495 0.2395171 0.2901297 
Taeniopygia       0.3595659 0.2505333 0.0946915 0.2715800 0.2879383 0.2715236 0.0000000 0.4294826 0.1586158 0.1953551 0.1887796 0.1711696 0.1588635 0.2487552 0.1645151 0.2166511 
Xenopus           0.4235244 0.4551688 0.4265490 0.4499179 0.4595249 0.4727489 0.4294826 0.0000000 0.3967896 0.4518115 0.4506307 0.4422027 0.3787310 0.4491280 0.3703513 0.3787213 
alligator         0.2818521 0.2376154 0.1379776 0.2105776 0.2198863 0.2365843 0.1586158 0.3967896 0.0000000 0.1086256 0.1147290 0.0111168 0.1025909 0.2143044 0.1047408 0.1638695 
emys_orbicularis  0.3448578 0.2416977 0.1747515 0.2612670 0.2597058 0.2672639 0.1953551 0.4518115 0.1086256 0.0000000 0.0448327 0.1298583 0.0180662 0.1776842 0.0165826 0.1554826 
phrynops          0.3918911 0.2405522 0.1688976 0.2588623 0.2761503 0.2727607 0.1887796 0.4506307 0.1147290 0.0448327 0.0000000 0.1237536 0.0403935 0.1987181 0.0434352 0.1666087 
caiman            0.3480636 0.2444379 0.1636752 0.2938044 0.2821143 0.2974490 0.1711696 0.4422027 0.0111168 0.1298583 0.1237536 0.0000000 0.1189264 0.2291247 0.1105541 0.2059965 
caretta           0.2930534 0.2015689 0.1511936 0.2395470 0.2381728 0.2315647 0.1588635 0.3787310 0.1025909 0.0180662 0.0403935 0.1189264 0.0000000 0.1932078 0.0206456 0.1604518 
python            0.3242372 0.1550169 0.2509988 0.2964203 0.3138397 0.2736495 0.2487552 0.4491280 0.2143044 0.1776842 0.1987181 0.2291247 0.1932078 0.0000000 0.1924568 0.1248155 
chelonoidis_nigra 0.2993637 0.2065402 0.1466729 0.2056777 0.2001054 0.2395171 0.1645151 0.3703513 0.1047408 0.0165826 0.0434352 0.1105541 0.0206456 0.1924568 0.0000000 0.1664248 
podarcis          0.3906995 0.1196160 0.2120646 0.3170415 0.3135342 0.2901297 0.2166511 0.3787213 0.1638695 0.1554826 0.1666087 0.2059965 0.1604518 0.1248155 0.1664248 0.0000000 
