16
protopterus       0.0000000 0.5147350 0.4567062 0.5041876 0.4857473 0.5200573 0.4601276 0.5473912 0.3599662 0.4375059 0.4963170 0.4382471 0.3652063 0.4026345 0.3799777 0.5086170 
Anolis            0.5147350 0.0000000 0.3113488 0.4223657 0.4267974 0.4247065 0.3173348 0.5915576 0.2973267 0.3022295 0.3005349 0.3080512 0.2493861 0.1858586 0.2552955 0.1448955 
Gallus            0.4567062 0.3113488 0.0000000 0.3536267 0.3641618 0.3500447 0.1146067 0.5583140 0.1680851 0.2157787 0.2077236 0.2046402 0.1848730 0.3084250 0.1784138 0.2676955 
Homo              0.5041876 0.4223657 0.3536267 0.0000000 0.2277745 0.2762255 0.3470429 0.5828423 0.2598686 0.3309534 0.3258468 0.3785495 0.2996405 0.3660915 0.2531324 0.4117474 
Monodelphis       0.4857473 0.4267974 0.3641618 0.2277745 0.0000000 0.2885365 0.3674252 0.5959366 0.2703802 0.3289494 0.3492318 0.3628780 0.2976364 0.3883896 0.2474262 0.4086401 
Ornithorhynchus   0.5200573 0.4247065 0.3500447 0.2762255 0.2885365 0.0000000 0.3512950 0.6225628 0.2965499 0.3427250 0.3480757 0.3877086 0.2909517 0.3409282 0.3017333 0.3812050 
Taeniopygia       0.4601276 0.3173348 0.1146067 0.3470429 0.3674252 0.3512950 0.0000000 0.5648659 0.1977299 0.2431150 0.2351776 0.2148248 0.1947495 0.3086467 0.2027338 0.2750522 
Xenopus           0.5473912 0.5915576 0.5583140 0.5828423 0.5959366 0.6225628 0.5648659 0.0000000 0.5098954 0.5919252 0.5879675 0.5797076 0.4873411 0.5712135 0.4784394 0.4979547 
alligator         0.3599662 0.2973267 0.1680851 0.2598686 0.2703802 0.2965499 0.1977299 0.5098954 0.0000000 0.1293483 0.1367038 0.0128602 0.1211151 0.2628934 0.1248949 0.2036891 
emys_orbicularis  0.4375059 0.3022295 0.2157787 0.3309534 0.3289494 0.3427250 0.2431150 0.5919252 0.1293483 0.0000000 0.0519365 0.1581819 0.0204424 0.2129450 0.0189305 0.1914023 
phrynops          0.4963170 0.3005349 0.2077236 0.3258468 0.3492318 0.3480757 0.2351776 0.5879675 0.1367038 0.0519365 0.0000000 0.1492744 0.0464237 0.2405537 0.0504998 0.2047330 
caiman            0.4382471 0.3080512 0.2046402 0.3785495 0.3628780 0.3877086 0.2148248 0.5797076 0.0128602 0.1581819 0.1492744 0.0000000 0.1450445 0.2803454 0.1336326 0.2595817 
caretta           0.3652063 0.2493861 0.1848730 0.2996405 0.2976364 0.2909517 0.1947495 0.4873411 0.1211151 0.0204424 0.0464237 0.1450445 0.0000000 0.2326476 0.0236541 0.1973291 
python            0.4026345 0.1858586 0.3084250 0.3660915 0.3883896 0.3409282 0.3086467 0.5712135 0.2628934 0.2129450 0.2405537 0.2803454 0.2326476 0.0000000 0.2333106 0.1489740 
chelonoidis_nigra 0.3799777 0.2552955 0.1784138 0.2531324 0.2474262 0.3017333 0.2027338 0.4784394 0.1248949 0.0189305 0.0504998 0.1336326 0.0236541 0.2333106 0.0000000 0.2052526 
podarcis          0.5086170 0.1448955 0.2676955 0.4117474 0.4086401 0.3812050 0.2750522 0.4979547 0.2036891 0.1914023 0.2047330 0.2595817 0.1973291 0.1489740 0.2052526 0.0000000 
