16
protopterus       0.0000000 0.4895244 0.4343974 0.4792875 0.4617677 0.4935745 0.4373287 0.5203426 0.3429020 0.4165320 0.4718471 0.4172111 0.3483211 0.3828795 0.3617739 0.4847082 
Anolis            0.4895244 0.0000000 0.2964418 0.4017454 0.4060250 0.4037970 0.3021444 0.5616966 0.2831647 0.2878288 0.2863244 0.2932667 0.2381214 0.1782270 0.2436654 0.1397151 
Gallus            0.4343974 0.2964418 0.0000000 0.3368347 0.3465519 0.3332363 0.1110242 0.5303967 0.1617048 0.2064788 0.1988703 0.1960395 0.1774353 0.2935933 0.1713017 0.2554284 
Homo              0.4792875 0.4017454 0.3368347 0.0000000 0.2177476 0.2633782 0.3304299 0.5535139 0.2481296 0.3157588 0.3105418 0.3603914 0.2858944 0.3482749 0.2419821 0.3922315 
Monodelphis       0.4617677 0.4060250 0.3465519 0.2177476 0.0000000 0.2747599 0.3496083 0.5655128 0.2577899 0.3137296 0.3328891 0.3456189 0.2839084 0.3693446 0.2363410 0.3901072 
Ornithorhynchus   0.4935745 0.4037970 0.3332363 0.2633782 0.2747599 0.0000000 0.3344329 0.5910140 0.2822699 0.3266210 0.3312973 0.3687243 0.2772678 0.3242276 0.2873530 0.3631866 
Taeniopygia       0.4373287 0.3021444 0.1110242 0.3304299 0.3496083 0.3344329 0.0000000 0.5365518 0.1895317 0.2320574 0.2246531 0.2056646 0.1866778 0.2938203 0.1941639 0.2621801 
Xenopus           0.5203426 0.5616966 0.5303967 0.5535139 0.5655128 0.5910140 0.5365518 0.0000000 0.4853395 0.5622665 0.5585109 0.5506255 0.4634932 0.5423424 0.4555896 0.4750075 
alligator         0.3429020 0.2831647 0.1617048 0.2481296 0.2577899 0.2822699 0.1895317 0.4853395 0.0000000 0.1249799 0.1319572 0.0127939 0.1172544 0.2506345 0.1208171 0.1946896 
emys_orbicularis  0.4165320 0.2878288 0.2064788 0.3157588 0.3137296 0.3266210 0.2320574 0.5622665 0.1249799 0.0000000 0.0510021 0.1522576 0.0202767 0.2036444 0.0187625 0.1836064 
phrynops          0.4718471 0.2863244 0.1988703 0.3105418 0.3328891 0.3312973 0.2246531 0.5585109 0.1319572 0.0510021 0.0000000 0.1438634 0.0456917 0.2297430 0.0496200 0.1961859 
caiman            0.4172111 0.2932667 0.1960395 0.3603914 0.3456189 0.3687243 0.2056646 0.5506255 0.0127939 0.1522576 0.1438634 0.0000000 0.1398762 0.2671440 0.1291144 0.2478883 
caretta           0.3483211 0.2381214 0.1774353 0.2858944 0.2839084 0.2772678 0.1866778 0.4634932 0.1172544 0.0202767 0.0456917 0.1398762 0.0000000 0.2221843 0.0234389 0.1893090 
python            0.3828795 0.1782270 0.2935933 0.3482749 0.3693446 0.3242276 0.2938203 0.5423424 0.2506345 0.2036444 0.2297430 0.2671440 0.2221843 0.0000000 0.2229156 0.1434997 
chelonoidis_nigra 0.3617739 0.2436654 0.1713017 0.2419821 0.2363410 0.2873530 0.1941639 0.4555896 0.1208171 0.0187625 0.0496200 0.1291144 0.0234389 0.2229156 0.0000000 0.1967085 
podarcis          0.4847082 0.1397151 0.2554284 0.3922315 0.3901072 0.3631866 0.2621801 0.4750075 0.1946896 0.1836064 0.1961859 0.2478883 0.1893090 0.1434997 0.1967085 0.0000000 
